K6378K03R00B  C2002 02 13.32372010 29 59.130+06 22 43.51         21.67Vei6969645
K6378K03R00B  C2002 02 13.32719210 29 58.828+06 22 44.64         22.39 ei6969645
K6378K03R00B* C2003 09 01.12492 17 21 14.04 -10 24 03.3          18.5  ci4159704
K6378K03R00B  C2003 09 01.13693 17 21 14.04 -10 23 12.0          17.5  ci4159704
K6378K03R00B  C2003 09 01.14890 17 21 14.12 -10 22 20.9          17.5  ci4159704
K6378K03R00B  C2003 09 01.16073 17 21 14.20 -10 21 30.1          17.5  ci4159704
K6378K03R00B  C2003 09 01.17277 17 21 14.35 -10 20 38.9          17.3  ci4159704
K6378K03R00B  C2003 09 01.86639 17 21 35.70 -09 31 03.1                ci4159046
K6378K03R00B  C2003 09 01.88453 17 21 36.08 -09 29 43.1                ci4159046
K6378K03R00B  C2003 09 01.88552 17 21 36.09 -09 29 38.7                ci4159046
K6378K03R00B  C2003 09 01.88622 17 21 36.10 -09 29 35.2                ci4159046
K6378K03R00B  C2003 09 01.88736 17 21 36.15 -09 29 30.6                ci4159046
K6378K03R00B  C2003 09 01.97118 17 21 41.21 -09 22 05.6                di4159808
K6378K03R00B  C2003 09 01.97257 17 21 41.37 -09 21 58.5                di4159808
K6378K03R00B  C2003 09 01.99294 17 21 41.40 -09 20 29.9                di4159808
K6378K03R00B  C2003 09 01.99514 17 21 41.45 -09 20 21.2                di4159808
K6378K03R00B 5C2003 09 02.12853 17 21 45.85 -09 11 46.9          17.0 Rci4159673
K6378K03R00B 5C2003 09 02.12980 17 21 45.86 -09 11 41.3                ci4159673
K6378K03R00B 5C2003 09 02.13166 17 21 45.88 -09 11 33.2                ci4159673
K6378K03R00B 5C2003 09 02.13490 17 21 45.91 -09 11 19.0                ci4159673
K6378K03R00B  C2003 09 02.14869 17 21 45.38 -09 10 16.6          17.2  ci4159704
K6378K03R00B  C2003 09 02.15011 17 21 45.31 -09 10 11.1          17.0  ci4159704
K6378K03R00B  C2003 09 02.15095 17 21 44.70 -09 10 14.1          16.9 Rci4160762
K6378K03R00B  C2003 09 02.15377 17 21 44.78 -09 10 01.5          17.1 Rci4160762
K6378K03R00B  C2003 09 02.15599 17 21 44.80 -09 09 50.7          17.4 Rci4160762
K6378K03R00B  C2003 09 02.16014 17 21 44.91 -09 09 33.0          16.9 Rci4160762
K6378K03R00B  C2003 09 02.16074 17 21 45.53 -09 09 23.7          17.3  ci4160704
K6378K03R00B  C2003 09 02.16232 17 21 45.40 -09 09 17.6          17.8  ci4160704
K6378K03R00B  C2003 09 02.16446 17 21 45.09 -09 09 13.8                ci4160762
K6378K03R00B  C2003 09 02.17282 17 21 45.58 -09 08 30.3          18.8  ci4160704
K6378K03R00B  C2003 09 02.17448 17 21 45.66 -09 08 22.5          17.0  ci4160704
K6378K03R00B  C2003 09 02.18238 17 21 45.41 -09 07 54.1          17.0 Rci4160762
K6378K03R00B  C2003 09 02.18927 17 21 45.87 -09 07 16.2          17.1 Rri4160448
K6378K03R00B  C2003 09 02.20453 17 21 46.10 -09 06 08.1          16.3 Rri4160448
K6378K03R00B  C2003 09 02.21040 17 21 46.21 -09 05 41.8          17.0 Rri4160448
K6378K03R00B  C2003 09 02.21440 17 21 46.29 -09 05 24.0          17.1 Rri4160448
K6378K03R00B  C2003 09 02.48822 17 21 55.49 -08 44 04.8          16.7 Vri4160428
K6378K03R00B  C2003 09 02.49024 17 21 55.52 -08 43 55.7          16.9 Vri4160428
K6378K03R00B  C2003 09 02.49428 17 21 55.56 -08 43 38.0          17.1 Vri4160428
K6378K03R00B  C2003 09 02.89494 17 22 10.38 -08 14 58.7                ci4592204
K6378K03R00B  C2003 09 02.89708 17 22 10.43 -08 14 49.0                ci4592204
K6378K03R00B  C2003 09 02.89826 17 22 10.44 -08 14 43.3          17.0 Rci4592204
K6378K03R00B  C2003 09 02.89931 17 22 10.49 -08 14 38.4                ci4592204
K6378K03R00B  C2003 09 03.79167 17 22 45.55 -07 06 30.3                ci4160046
K6378K03R00B  C2003 09 03.79258 17 22 45.28 -07 06 25.7          16.5 Rdi4160118
K6378K03R00B  C2003 09 03.79456 17 22 45.43 -07 06 15.9                di4160118
K6378K03R00B  C2003 09 03.79690 17 22 45.51 -07 06 05.2                di4160118
K6378K03R00B  C2003 09 03.79734 17 22 45.68 -07 06 03.4                ci4160046
K6378K03R00B  C2003 09 03.79815 17 22 45.66 -07 05 58.4                ci4160046
K6378K03R00B  C2003 09 03.79984 17 22 45.57 -07 05 51.4                di4160118
K6378K03R00B  C2003 09 03.83929 17 22 47.01 -07 02 48.3          17.0 Rci4160163
K6378K03R00B  C2003 09 03.84038 17 22 47.03 -07 02 43.3          17.0 Rci4160163
K6378K03R00B  C2003 09 03.84268 17 22 47.07 -07 02 32.6          16.9 Rci4160163
K6378K03R00B  C2003 09 03.84497 17 22 47.14 -07 02 21.2          16.9 Rci4160163
K6378K03R00B  C2003 09 03.84602 17 22 47.15 -07 02 16.2          16.7 Rci4160163
K6378K03R00B  C2003 09 04.12038 17 22 58.49 -06 40 37.1          17.3 Rri4160448
K6378K03R00B  C2003 09 04.12116 17 22 58.56 -06 40 34.4          17.1  ci4160704
K6378K03R00B  C2003 09 04.12814 17 22 58.60 -06 40 00.4          16.9 Rri4160448
K6378K03R00B  C2003 09 04.13388 17 22 58.77 -06 39 34.4          17.2  ci4160704
K6378K03R00B  C2003 09 04.14079 17 22 58.83 -06 39 00.2          16.8 Rri4160448
K6378K03R00B  C2003 09 04.14634 17 22 58.94 -06 38 34.3          17.0 Rri4160448
K6378K03R00B  C2003 09 04.15049 17 22 59.03 -06 38 14.5          17.0 Rri4160448
K6378K03R00B  C2003 09 04.15917 17 22 59.24 -06 37 34.6          17.5  ci4160704
K6378K03R00B  C2003 09 04.17167 17 22 59.51 -06 36 35.5          17.1  ci4160704
K6378K03R00B 1C2003 09 07.43322217 25 31.337-02 03 17.91         16.8 Rri4592413
K6378K03R00B 1C2003 09 07.43461617 25 31.375-02 03 10.46         17.0 Rri4592413
K6378K03R00B 1C2003 09 07.43599917 25 31.420-02 03 03.02         16.9 Rri4592413
K6378K03R00B  C2003 09 08.14176 17 26 09.19 -01 01 14.2          16.9 Rri4160448
K6378K03R00B  C2003 09 08.14237 17 26 09.19 -01 01 11.0          17.2 Rri4160448
K6378K03R00B  C2003 09 08.14283 17 26 09.22 -01 01 08.4          17.2 Rri4160448
K6378K03R00B 1C2003 09 08.50973 17 26 27.99 -00 26 23.8          16.9 Rri4160413
K6378K03R00B 1C2003 09 08.51112 17 26 28.03 -00 26 16.1          16.8 Rri4160413
K6378K03R00B 1C2003 09 08.51251 17 26 28.09 -00 26 08.5          16.8 Rri4160413
K6378K03R00B  C2003 09 08.79184 17 26 45.47 -00 02 00.0                di4592A50
K6378K03R00B  C2003 09 08.79359 17 26 45.54 -00 01 50.4                di4592A50
K6378K03R00B  C2003 09 08.79553 17 26 45.63 -00 01 39.8                di4592A50
K6378K03R00B  C2003 09 08.79747 17 26 45.72 -00 01 28.4          16.4 Vdi4592A50
K6378K03R00B  C2003 09 08.79902 17 26 45.76 -00 01 19.9                di4592A50
K6378K03R00B  C2003 09 08.80134 17 26 45.90 -00 01 07.4                di4592A50
K6378K03R00B  C2003 09 08.80212 17 26 45.90 -00 01 03.5                di4592A50
K6378K03R00B  C2003 09 08.80328 17 26 45.96 -00 00 56.4          16.4 Vdi4592A50
K6378K03R00B  C2003 09 08.80367 17 26 45.95 -00 00 54.4                di4592A50
K6378K03R00B  C2003 09 09.78558 17 27 44.10 +01 31 40.8          17   Rci4592461
K6378K03R00B  C2003 09 09.78640 17 27 44.10 +01 31 45.7                ci4592461
K6378K03R00B  C2003 09 09.78722 17 27 44.24 +01 31 49.8                ci4592461
K6378K03R00B  C2003 09 09.78804 17 27 44.22 +01 31 53.7                ci4592461
K6378K03R00B  C2003 09 09.78885 17 27 44.22 +01 31 58.7                ci4592461
K6378K03R00B  C2003 09 09.82563 17 27 45.57 +01 35 27.2                di4592A50
K6378K03R00B  C2003 09 09.82718 17 27 45.66 +01 35 36.6                di4592A50
K6378K03R00B  C2003 09 09.82912 17 27 45.76 +01 35 48.4                di4592A50
K6378K03R00B  C2003 09 09.83144 17 27 45.84 +01 36 01.7                di4592A50
K6378K03R00B  C2003 09 09.83338 17 27 45.92 +01 36 11.4                di4592A50
K6378K03R00B  C2003 09 09.83493 17 27 46.04 +01 36 21.1                di4592A50
K6378K03R00B  C2003 09 09.83648 17 27 46.11 +01 36 29.8                di4592A50
K6378K03R00B  C2003 09 09.83803 17 27 46.20 +01 36 39.1                di4592A50
K6378K03R00B  C2003 09 09.83985 17 27 46.33 +01 36 51.3                di4592A50
K6378K03R00B  C2003 09 09.84112 17 27 46.36 +01 36 57.3                di4592A50
K6378K03R00B  C2003 09 09.86372 17 27 48.62 +01 39 17.8          17.3 Rri4592938
K6378K03R00B  C2003 09 09.87228 17 27 49.02 +01 40 06.4          17.3 Rri4592938
K6378K03R00B  C2003 09 09.88424 17 27 49.35 +01 41 16.5          17.1 Rri4592938
K6378K03R00B  C2003 09 09.90760 17 27 50.39 +01 43 30.9          17.0 Rri4592938
K6378K03R00B  C2003 09 09.92003 17 27 50.88 +01 44 42.2          16.9 Rri4592938
K6378K03R00B  C2003 09 12.86101 17 31 05.90 +06 42 38.8          16.9 Rri4592938
K6378K03R00B  C2003 09 12.87573 17 31 06.63 +06 44 11.7          17.3 Rri4592938
K6378K03R00B  C2003 09 12.88789 17 31 07.29 +06 45 29.3          17.1 Rri4592938
K6378K03R00B  C2003 09 14.78058917 33 29.90 +10 12 47.3                oj0486084
K6378K03R00B  C2003 09 14.80037 17 33 31.89 +10 15 23.4          16.6 Rri4592170
K6378K03R00B  C2003 09 14.80162 17 33 31.97 +10 15 32.4          16.6 Rri4592170
K6378K03R00B  C2003 09 14.80286 17 33 32.04 +10 15 40.2          16.6 Rri4592170
K6378K03R00B  C2003 09 14.80410 17 33 32.10 +10 15 48.7          16.7 Rri4592170
K6378K03R00B  C2003 09 14.80534 17 33 32.19 +10 15 57.1          16.5 Rri4592170
K6378K03R00B  C2003 09 14.80656 17 33 32.24 +10 16 05.5          16.5 Rri4592170
K6378K03R00B 1C2003 09 15.45107 17 34 22.150+11 31 17.68         16.9 Rri4592413
K6378K03R00B 1C2003 09 15.45258 17 34 22.235+11 31 27.97         16.9 Rri4592413
K6378K03R00B 1C2003 09 15.45407 17 34 22.329+11 31 38.21         16.8 Rri4592413
K6378K03R00B  C2003 09 15.78248 17 34 51.44 +12 07 56.1          15.8 Rci4592163
K6378K03R00B  C2003 09 15.78350 17 34 51.46 +12 08 04.0                ci4592163
K6378K03R00B  C2003 09 15.78453 17 34 51.51 +12 08 11.0                ci4592163
K6378K03R00B  C2003 09 15.78556 17 34 51.56 +12 08 17.9                ci4593163
K6378K03R00B  C2003 09 15.78657 17 34 51.67 +12 08 24.6                ci4593163
K6378K03R00B  C2003 09 15.79356 17 34 51.76 +12 09 15.4          16.0 Rci4593215
K6378K03R00B  C2003 09 15.79406 17 34 51.78 +12 09 18.1          16.0 Rci4593215
K6378K03R00B  C2003 09 15.79446 17 34 51.81 +12 09 20.9          15.9 Rci4593215
K6378K03R00B  C2003 09 15.85314 17 34 56.24 +12 16 21.2          16.1 Rri4593938
K6378K03R00B  C2003 09 15.86613 17 34 57.01 +12 17 51.5          16.3 Rri4593938
K6378K03R00B  C2003 09 16.80745 17 36 17.43 +14 08 59.6          16.4 Rci4593113
K6378K03R00B  C2003 09 16.80821 17 36 17.48 +14 09 05.0          16.4 Rci4593113
K6378K03R00B  C2003 09 16.80896 17 36 17.51 +14 09 10.3          16.4 Rci4593113
K6378K03R00B  C2003 09 16.80971 17 36 17.57 +14 09 15.7          16.5 Rci4593113
K6378K03R00B  C2003 09 16.81046 17 36 17.62 +14 09 21.5          16.5 Rci4593113
K6378K03R00B  C2003 09 17.82684 17 37 48.17 +16 13 00.8          15.9 Rci4593132
K6378K03R00B  C2003 09 17.82983 17 37 48.38 +16 13 22.5          16.3 Rci4593132
K6378K03R00B  C2003 09 17.83282 17 37 48.57 +16 13 44.5          16.3 Rci4593132
K6378K03R00B  C2003 09 18.12264 17 38 16.54 +16 49 51.5                ci6260670
K6378K03R00B  C2003 09 18.18407 17 38 20.52 +16 57 25.8                ci6260670
K6378K03R00B  C2003 09 18.88054 17 39 26.27 +18 24 27.5          16.0 Rci4593132
K6378K03R00B  C2003 09 18.88201 17 39 26.41 +18 24 38.7          16.1 Rci4593132
K6378K03R00B  C2003 09 18.88816 17 39 26.89 +18 25 24.4          16.2 Rci4593132
K6378K03R00B  C2003 09 19.81001 17 40 59.32 +20 23 13.6                di5302118
K6378K03R00B  C2003 09 19.81219 17 40 59.49 +20 23 30.4                di5302118
K6378K03R00B  C2003 09 19.81406 17 40 59.64 +20 23 44.5          16.0 Rdi5302118
K6378K03R00B  C2003 09 19.81494 17 40 59.73 +20 23 51.4                di5302118
K6378K03R00B  C2003 09 19.81596 17 41 00.14 +20 24 04.0          16.0 Rci4593587
K6378K03R00B  C2003 09 19.81706 17 41 00.21 +20 24 12.3          16.1 Rci4593587
K6378K03R00B  C2003 09 19.81817 17 41 00.32 +20 24 21.0          16.0 Rci4593587
K6378K03R00B  C2003 09 19.81927 17 41 00.40 +20 24 29.5          16.1 Rci4593587
K6378K03R00B  C2003 09 19.83924 17 41 02.10 +20 26 55.3          15.9 Rci4593113
K6378K03R00B  C2003 09 19.83986 17 41 02.17 +20 27 00.1          15.8 Rci4593113
K6378K03R00B  C2003 09 19.84050 17 41 02.20 +20 27 05.0          15.8 Rci4593113
K6378K03R00B  C2003 09 19.84113 17 41 02.25 +20 27 09.9          16.0 Rci4593113
K6378K03R00B  C2003 09 19.84177 17 41 02.32 +20 27 14.7          15.9 Rci4593113
K6378K03R00B  C2003 09 20.80421 17 42 44.37 +22 33 14.6          17.0 Rri5302J87
K6378K03R00B  C2003 09 20.80534 17 42 44.47 +22 33 23.5          17.2 Rri5302J87
K6378K03R00B  C2003 09 20.80639 17 42 44.54 +22 33 31.9          16.8 Rri5302J87
K6378K03R00B  C2003 09 20.80933217 42 43.80 +22 33 22.7                oj0486084
K6378K03R00B  C2003 09 21.42324 17 43 51.70 +23 55 30.5          16.5 V i5302300
K6378K03R00B  C2003 09 21.42896 17 43 52.08 +23 56 15.6          16.7 V i5302300
K6378K03R00B  C2003 09 21.43162 17 43 52.31 +23 56 36.8          16.7 V i5302300
K6378K03R00B  C2003 09 21.43297 17 43 52.41 +23 56 48.3          16.6 V i5302300
K6378K03R00B  C2003 09 21.81076 17 44 34.62 +24 46 49.8          16.1 Rci5302054
K6378K03R00B  C2003 09 21.81169 17 44 34.72 +24 46 56.6          16.1 Rci5302054
K6378K03R00B  C2003 09 21.81262 17 44 34.81 +24 47 04.5          16.2 Rci5302054
K6378K03R00B  C2003 09 22.42208 17 45 45.55 +26 09 54.9          16.6 V i5302300
K6378K03R00B  C2003 09 22.42611 17 45 45.86 +26 10 29.5          17.2 V i5302300
K6378K03R00B  C2003 09 22.42744 17 45 46.07 +26 10 39.2          17.3 V i5302300
K6378K03R00B  C2003 09 22.42878 17 45 46.09 +26 10 50.1          17.3 V i5302300
K6378K03R00B  C2003 09 22.43020 17 45 46.24 +26 11 02.6          17.2 V i5302300
K6378K03R00B  C2003 09 22.43154 17 45 46.38 +26 11 13.5          17.1 V i5302300
K6378K03R00B  C2003 09 22.82091217 46 31.79 +27 03 26.2                oj0486084
K6378K03R00B  C2003 09 23.75341617 48 27.93 +29 11 37.7                oj0486084
K6378K03R00B  C2003 09 23.83269 17 48 37.63 +29 22 47.6          16.6 Vri5302940
K6378K03R00B  C2003 09 23.83369 17 48 37.68 +29 22 56.7          16.8 Vri5302940
K6378K03R00B  C2003 09 23.83421 17 48 37.65 +29 23 02.0          16.9 Vri5302940
K6378K03R00B  C2003 09 23.83621 17 48 37.97 +29 23 18.3          17.1 Vri5302940
K6378K03R00B  C2003 09 23.83672 17 48 37.99 +29 23 22.8          16.3 Vri5302940
K6378K03R00B  C2003 09 23.83720 17 48 37.98 +29 23 27.1          17.7 Vri5302940
K6378K03R00B  C2003 09 23.83797 17 48 38.16 +29 23 32.8          16.4 Vri5302940
K6378K03R00B  C2003 09 23.83898 17 48 38.26 +29 23 40.2          16.7 Vri5302940
K6378K03R00B  C2003 09 23.83999 17 48 38.30 +29 23 49.5          17.0 Vri5302940
K6378K03R00B  C2003 09 23.84049 17 48 38.41 +29 23 53.2          16.6 Vri5302940
K6378K03R00B  C2003 09 23.84100 17 48 38.42 +29 23 57.0          17.1 Vri5302940
K6378K03R00B  C2003 09 23.84199 17 48 38.52 +29 24 05.7          17.2 Vri5302940
K6378K03R00B  C2003 09 23.84250 17 48 38.62 +29 24 09.8          16.8 Vri5302940
K6378K03R00B  C2003 09 23.84301 17 48 38.74 +29 24 13.5          17.1 Vri5302940
K6378K03R00B  C2003 09 23.84350 17 48 38.79 +29 24 17.5          17.0 Vri5302940
K6378K03R00B  C2003 09 23.84400 17 48 38.87 +29 24 21.3          17.0 Vri5302940
K6378K03R00B  C2003 09 23.84449 17 48 38.93 +29 24 25.0          17.0 Vri5302940
K6378K03R00B  C2003 09 23.84502 17 48 39.00 +29 24 28.6          17.3 Vri5302940
K6378K03R00B  C2003 09 23.85171 17 48 39.60 +29 25 25.8          17.6 Vri5302940
K6378K03R00B  C2003 09 23.85220 17 48 39.67 +29 25 29.3          17.0 Vri5302940
K6378K03R00B  C2003 09 23.85270 17 48 39.61 +29 25 33.4          17.1 Vri5302940
K6378K03R00B  C2003 09 23.85320 17 48 39.77 +29 25 36.8          17.1 Vri5302940
K6378K03R00B  C2003 09 23.85371 17 48 39.77 +29 25 41.1          17.2 Vri5302940
K6378K03R00B  C2003 09 23.85420 17 48 39.92 +29 25 45.1          17.2 Vri5302940
K6378K03R00B  C2003 09 23.85473 17 48 39.98 +29 25 49.0          16.9 Vri5302940
K6378K03R00B  C2003 09 23.85524 17 48 40.04 +29 25 52.8          17.0 Vri5302940
K6378K03R00B  C2003 09 23.85576 17 48 40.10 +29 25 57.1          17.1 Vri5302940
K6378K03R00B  C2003 09 23.85627 17 48 40.15 +29 26 01.2          16.8 Vri5302940
K6378K03R00B  C2003 09 23.85677 17 48 40.19 +29 26 04.9          16.9 Vri5302940
K6378K03R00B  C2003 09 23.85728 17 48 40.22 +29 26 09.3          17.2 Vri5302940
K6378K03R00B  C2003 09 23.85777 17 48 40.28 +29 26 13.6          17.2 Vri5302940
K6378K03R00B  C2003 09 23.85876 17 48 40.41 +29 26 20.5          16.5 Vri5302940
K6378K03R00B  C2003 09 23.85927 17 48 40.49 +29 26 24.9          16.4 Vri5302940
K6378K03R00B  C2003 09 23.85976 17 48 40.50 +29 26 29.4          17.1 Vri5302940
K6378K03R00B  C2003 09 23.86026 17 48 40.55 +29 26 33.9          17.2 Vri5302940
K6378K03R00B  C2003 09 23.86077 17 48 40.62 +29 26 37.3          16.5 Vri5302940
K6378K03R00B  C2003 09 23.86128 17 48 40.69 +29 26 41.6          16.8 Vri5302940
K6378K03R00B  C2003 09 23.86178 17 48 40.72 +29 26 46.3          16.6 Vri5302940
K6378K03R00B  C2003 09 23.86230 17 48 40.81 +29 26 50.4          17.0 Vri5302940
K6378K03R00B  C2003 09 23.86280 17 48 40.87 +29 26 54.8          16.6 Vri5302940
K6378K03R00B  C2003 09 23.86330 17 48 40.88 +29 26 59.2          17.2 Vri5302940
K6378K03R00B  C2003 09 23.86382 17 48 40.95 +29 27 03.5          17.0 Vri5302940
K6378K03R00B  C2003 09 23.86432 17 48 41.03 +29 27 07.4          16.7 Vri5302940
K6378K03R00B  C2003 09 23.86533 17 48 41.09 +29 27 15.9          16.9 Vri5302940
K6378K03R00B  C2003 09 23.86585 17 48 41.13 +29 27 19.8          17.2 Vri5302940
K6378K03R00B  C2003 09 23.86636 17 48 41.23 +29 27 24.1          17.4 Vri5302940
K6378K03R00B  C2003 09 23.86686 17 48 41.25 +29 27 28.2          17.0 Vri5302940
K6378K03R00B  C2003 09 23.86736 17 48 41.23 +29 27 32.7          17.3 Vri5302940
K6378K03R00B  C2003 09 23.86787 17 48 41.32 +29 27 37.0          17.4 Vri5302940
K6378K03R00B  C2003 09 23.89205 17 48 44.05 +29 30 53.4          16.7 Vri5302940
K6378K03R00B  C2003 09 23.89254 17 48 44.10 +29 30 57.0          17.1 Vri5302940
K6378K03R00B  C2003 09 23.89305 17 48 44.13 +29 31 01.6          17.7 Vri5302940
K6378K03R00B  C2003 09 23.89355 17 48 44.17 +29 31 05.7          17.1 Vri5302940
K6378K03R00B  C2003 09 23.89405 17 48 44.23 +29 31 10.0          17.1 Vri5302940
K6378K03R00B  C2003 09 23.89455 17 48 44.30 +29 31 13.8          16.9 Vri5302940
K6378K03R00B  C2003 09 23.89506 17 48 44.27 +29 31 18.3          17.2 Vri5302940
K6378K03R00B  C2003 09 23.89557 17 48 44.41 +29 31 22.2          17.2 Vri5302940
K6378K03R00B  C2003 09 23.89606 17 48 44.45 +29 31 26.8          17.0 Vri5302940
K6378K03R00B  C2003 09 23.89657 17 48 44.53 +29 31 30.7          17.3 Vri5302940
K6378K03R00B  C2003 09 24.10963 17 49 12.88 +30 01 39.2          17.0  ci5302704
K6378K03R00B  C2003 09 24.12210 17 49 14.17 +30 03 20.1          16.6  ci5302704
K6378K03R00B  C2003 09 24.14714 17 49 16.62 +30 06 45.5          16.9  ci5302704
K6378K03R00B  C2003 09 24.15980 17 49 17.89 +30 08 28.9          17.2  ci5302704
K6378K03R00B  C2003 09 24.76057 17 50 39.72 +31 31 54.5                di5302118
K6378K03R00B  C2003 09 24.76164 17 50 39.84 +31 32 03.6                di5302118
K6378K03R00B  C2003 09 24.76253 17 50 39.94 +31 32 10.9                di5302118
K6378K03R00B  C2003 09 24.76437 17 50 40.13 +31 32 26.2          16.2 Rdi5302118
K6378K03R00B  C2003 09 25.80696 17 53 05.03 +33 58 38.1          16.3 Vri5302240
K6378K03R00B  C2003 09 25.80770 17 53 05.12 +33 58 44.4          16.3 Vri5302240
K6378K03R00B  C2003 09 25.80845 17 53 05.21 +33 58 50.5          16.4 Vri5302240
K6378K03R00B  C2003 09 25.81068 17 53 05.47 +33 59 09.0          16.4 Vri5302240
K6378K03R00B  C2003 09 25.81218 17 53 05.65 +33 59 21.6          16.4 Vri5302240
K6378K03R00B  C2003 09 25.81293 17 53 05.74 +33 59 27.7          16.3 Vri5302240
K6378K03R00B  C2003 09 25.81442 17 53 05.92 +33 59 40.1          16.2 Vri5302240
K6378K03R00B  C2003 09 25.81591 17 53 06.09 +33 59 52.6          16.4 Vri5302240
K6378K03R00B  C2003 09 25.81741 17 53 06.28 +34 00 04.8          16.4 Vri5302240
K6378K03R00B  C2003 09 26.42627 17 54 36.66 +35 26 26.6          16.7 V i5302300
K6378K03R00B  C2003 09 26.42759 17 54 36.79 +35 26 37.1          16.9 V i5302300
K6378K03R00B  C2003 09 26.42891 17 54 36.98 +35 26 48.4          17.1 V i5302300
K6378K03R00B  C2003 09 26.43024 17 54 37.07 +35 27 00.4          16.8 V i5302300
K6378K03R00B  C2003 09 26.43156 17 54 37.27 +35 27 11.7          16.5 V i5302300
K6378K03R00B  C2003 09 27.77622 17 58 08.60 +38 37 03.9          16.1 Rdi6260118
K6378K03R00B  C2003 09 27.77799 17 58 08.82 +38 37 18.7          15.5 Rdi6260118
K6378K03R00B  C2003 09 27.77885 17 58 08.99 +38 37 26.3          16.1 Rdi6260118
K6378K03R00B  C2003 09 27.78034 17 58 09.16 +38 37 38.4          16.0 Rdi6260118
K6378K03R00B  C2003 09 28.40891 17 59 56.05 +40 07 09.1          17.4 V i6260300
K6378K03R00B  C2003 09 28.41024 17 59 56.32 +40 07 18.6          17.0 V i6260300
K6378K03R00B  C2003 09 28.41292 17 59 56.61 +40 07 42.7          16.7 V i6260300
K6378K03R00B  C2003 09 28.41424 17 59 56.77 +40 07 53.7          16.8 V i6260300
K6378K03R00B  C2003 09 28.85069 18 01 12.00 +41 09 05.2          16.4 Voi6260940
K6378K03R00B  C2003 09 28.85173 18 01 12.14 +41 09 13.6          15.9 Voi6260940
K6378K03R00B  C2003 09 28.85271 18 01 12.33 +41 09 22.3          16.5 Voi6260940
K6378K03R00B  C2003 09 28.85374 18 01 12.42 +41 09 30.3          16.3 Voi6260940
K6378K03R00B  C2003 09 28.85476 18 01 12.64 +41 09 38.3          16.1 Voi6260940
K6378K03R00B  C2003 09 28.85573 18 01 12.77 +41 09 46.8          16.5 Voi6260940
K6378K03R00B  C2003 09 28.85670 18 01 12.95 +41 09 55.6          16.7 Voi6260940
K6378K03R00B  C2003 09 28.85774 18 01 13.17 +41 10 03.5          16.5 Voi6260940
K6378K03R00B  C2003 09 28.85870 18 01 13.22 +41 10 11.7          16.8 Voi6260940
K6378K03R00B  C2003 09 28.85971 18 01 13.34 +41 10 20.4          17.0 Voi6260940
K6378K03R00B  C2003 09 28.86071 18 01 13.58 +41 10 28.9          16.5 Voi6260940
K6378K03R00B  C2003 09 28.86174 18 01 13.68 +41 10 35.5          17.3 Voi6260940
K6378K03R00B  C2003 09 28.86273 18 01 13.86 +41 10 45.0          16.7 Voi6260940
K6378K03R00B  C2003 09 28.86369 18 01 14.00 +41 10 53.3          16.9 Voi6260940
K6378K03R00B  C2003 09 28.86476 18 01 14.14 +41 11 01.7          16.2 Voi6260940
K6378K03R00B  C2003 09 28.86520 18 01 14.21 +41 11 05.0          17.0 Voi6260940
K6378K03R00B  C2003 09 28.86568 18 01 14.31 +41 11 09.2          16.6 Voi6260940
K6378K03R00B  C2003 09 28.86675 18 01 14.43 +41 11 19.3          16.1 Voi6260940
K6378K03R00B  C2003 09 28.86774 18 01 14.71 +41 11 26.3          16.5 Voi6260940
K6378K03R00B  C2003 09 28.86876 18 01 14.72 +41 11 34.5          16.4 Voi6260940
K6378K03R00B  C2003 09 28.86968 18 01 14.91 +41 11 43.3          16.5 Voi6260940
K6378K03R00B  C2003 09 28.87071 18 01 15.19 +41 11 50.9          16.4 Voi6260940
K6378K03R00B  C2003 09 28.87177 18 01 15.27 +41 12 00.5          16.5 Voi6260940
K6378K03R00B  C2003 09 28.88222 18 01 16.91 +41 13 27.0          16.4 Voi6260940
K6378K03R00B  C2003 09 28.88323 18 01 17.07 +41 13 35.4          16.3 Voi6260940
K6378K03R00B  C2003 09 28.88420 18 01 17.24 +41 13 45.2          15.6 Voi6260940
K6378K03R00B  C2003 09 28.88512 18 01 17.42 +41 13 51.8          16.6 Voi6260940
K6378K03R00B  C2003 09 28.88623 18 01 17.59 +41 14 00.1          16.1 Voi6260940
K6378K03R00B  C2003 09 28.88722 18 01 17.72 +41 14 08.2          16.4 Voi6260940
K6378K03R00B  C2003 09 28.88818 18 01 17.83 +41 14 16.8          16.3 Voi6260940
K6378K03R00B  C2003 09 28.88918 18 01 18.00 +41 14 24.2          16.6 Voi6260940
K6378K03R00B  C2003 09 28.89022 18 01 18.19 +41 14 33.2          16.5 Voi6260940
K6378K03R00B  C2003 09 28.89119 18 01 18.28 +41 14 42.3          15.6 Voi6260940
K6378K03R00B  C2003 09 28.89219 18 01 18.55 +41 14 49.8          15.8 Voi6260940
K6378K03R00B  C2003 09 28.89321 18 01 18.65 +41 14 57.6          16.2 Voi6260940
K6378K03R00B  C2003 09 28.89419 18 01 18.80 +41 15 06.1          16.8 Voi6260940
K6378K03R00B  C2003 09 28.89514 18 01 19.01 +41 15 14.5          16.6 Voi6260940
K6378K03R00B  C2003 09 28.89612 18 01 19.14 +41 15 21.8          16.5 Voi6260940
K6378K03R00B  C2003 09 28.89715 18 01 19.32 +41 15 30.8          16.8 Voi6260940
K6378K03R00B  C2003 09 28.89815 18 01 19.44 +41 15 38.6          16.6 Voi6260940
K6378K03R00B  C2003 09 28.89907 18 01 19.60 +41 15 46.7          16.2 Voi6260940
K6378K03R00B  C2003 09 28.90009 18 01 19.79 +41 15 54.7          16.5 Voi6260940
K6378K03R00B  C2003 09 28.90106 18 01 19.88 +41 16 03.8          16.8 Voi6260940
K6378K03R00B  C2003 09 28.90400 18 01 20.38 +41 16 27.9          16.8 Voi6260940
K6378K03R00B  C2003 09 28.90497 18 01 20.48 +41 16 35.2          16.9 Voi6260940
K6378K03R00B  C2003 09 28.90597 18 01 20.72 +41 16 43.3          16.5 Voi6260940
K6378K03R00B  C2003 09 28.90693 18 01 20.87 +41 16 50.7          16.3 Voi6260940
K6378K03R00B  C2003 09 28.90789 18 01 21.01 +41 16 59.8          16.4 Voi6260940
K6378K03R00B  C2003 09 28.90891 18 01 21.29 +41 17 08.8          16.7 Voi6260940
K6378K03R00B  C2003 09 28.90987 18 01 21.38 +41 17 15.3          16.1 Voi6260940
K6378K03R00B  C2003 09 28.91083 18 01 21.57 +41 17 24.3          16.2 Voi6260940
K6378K03R00B  C2003 09 28.91185 18 01 21.62 +41 17 31.8          16.5 Voi6260940
K6378K03R00B  C2003 09 28.91280 18 01 21.83 +41 17 40.0          16.6 Voi6260940
K6378K03R00B  C2003 09 28.91383 18 01 21.80 +41 17 48.4          16.6 Voi6260940
K6378K03R00B  C2003 09 28.91484 18 01 22.17 +41 17 56.4          16.6 Voi6260940
K6378K03R00B  C2003 09 28.91575 18 01 22.37 +41 18 04.7          16.0 Voi6260940
K6378K03R00B  C2003 09 28.91676 18 01 22.51 +41 18 13.1          16.2 Voi6260940
K6378K03R00B  C2003 09 29.87503618 04 20.47 +43 33 05.7                oj0486084
K6378K03R00B  C2003 09 30.41141 18 06 07.60 +44 49 33.2          16.3 V i6260300
K6378K03R00B  C2003 09 30.41275 18 06 07.75 +44 49 43.5          16.5 V i6260300
K6378K03R00B  C2003 09 30.41407 18 06 07.95 +44 49 54.2          16.2 V i6260300
K6378K03R00B  C2003 09 30.41539 18 06 08.15 +44 50 05.8          16.5 V i6260300
K6378K03R00B  C2003 09 30.41671 18 06 08.34 +44 50 16.7          16.5 V i6260300
K6378K03R00B  C2003 09 30.41806 18 06 08.50 +44 50 26.9          16.4 V i6260300
K6378K03R00B  C2003 10 03.45096 18 17 34.17 +51 47 52.5          15.9 Vmi6969379
K6378K03R00B  C2003 10 03.45534 18 17 35.27 +51 48 28.6          15.7 Vmi6969379
K6378K03R00B  C2003 10 04.48203 18 22 10.60 +54 05 05.1          16.4 Vmi6969379
K6378K03R00B  C2003 10 04.48640 18 22 11.80 +54 05 38.3                mi6969379
K6378K03R00B  C2003 10 04.49179 18 22 13.12 +54 06 20.6                mi6969379
K6378K03R00B  C2003 10 04.49836 18 22 14.78 +54 07 09.9                mi6969379
K6378K03R00B  C2003 10 04.83697 18 23 54.77 +54 51 45.4          16.4 Rci6969938
K6378K03R00B  C2003 10 04.83860 18 23 55.21 +54 51 58.4          16.7 Rci6969938
K6378K03R00B  C2003 10 04.84022 18 23 55.58 +54 52 11.2          16.8 Rci6969938
K6378K03R00B  C2003 10 04.84185 18 23 56.14 +54 52 23.5          16.7 Rci6969938
K6378K03R00B  C2003 10 04.84348 18 23 56.36 +54 52 35.6          16.5 Rci6969938
K6378K03R00B  C2003 10 04.84510 18 23 56.81 +54 52 47.6          16.4 Rci6969938
K6378K03R00B  C2003 10 04.84674 18 23 57.22 +54 53 00.4          16.6 Rci6969938
K6378K03R00B  C2003 10 04.84837 18 23 57.73 +54 53 12.0          16.8 Rci6969938
K6378K03R00B  C2003 10 04.84999 18 23 58.04 +54 53 25.1          16.5 Rci6969938
K6378K03R00B  C2003 10 04.85162 18 23 58.45 +54 53 37.5          16.6 Rci6969938
K6378K03R00B  C2003 10 07.86929 18 41 03.81 +61 12 21.6          16.6 Rci6969938
K6378K03R00B  C2003 10 07.87804 18 41 06.89 +61 13 22.1          16.7 Rci6969938
K6378K03R00B  C2003 10 07.88995 18 41 11.08 +61 14 44.9          16.8 Rci6969938
K6378K03R00B  C2003 10 08.40190 18 44 44.38 +62 15 52.8          16.2 V i7322300
K6378K03R00B  C2003 10 08.40521 18 44 45.73 +62 16 16.6          15.9 V i7322300
K6378K03R00B  C2003 10 08.40626 18 44 46.01 +62 16 24.7          16.1 V i7322300
K6378K03R00B  C2003 10 08.40731 18 44 46.16 +62 16 31.6          16.0 V i7322300
K6378K03R00B  C2003 10 08.40837 18 44 46.81 +62 16 39.4          16.3 V i7322300
K6378K03R00B  C2003 10 08.81852218 47 40.35 +63 03 36.2                oj0486084
K6378K03R00B  C2003 10 10.92175319 05 05.54 +66 56 15.5                oj0486084
K6378K03R00B  C2003 10 13.14412 19 29 06.26 +70 38 16.8          16.2  ci7322704
K6378K03R00B  C2003 10 13.15601 19 29 14.38 +70 39 20.3          16.4  ci7322704
K6378K03R00B  C2003 10 13.16773 19 29 22.31 +70 40 22.4          16.4  ci7322704
K6378K03R00B  C2003 10 13.17944 19 29 30.32 +70 41 24.2          16.5  ci7322704
K6378K03R00B  C2003 10 13.19161 19 29 38.75 +70 42 28.0          16.5  ci7322704
K6378K03R00B  C2003 10 13.38950 19 32 18.35 +71 01 02.6          15.9 Vmi7322379
K6378K03R00B  C2003 10 13.39566 19 32 22.47 +71 01 36.6                mi7322379
K6378K03R00B  C2003 10 13.80236 19 37 41.07 +71 37 50.4          16.4 Vci7322240
K6378K03R00B  C2003 10 13.80684 19 37 44.40 +71 38 13.5          16.4 Vci7322240
K6378K03R00B  C2003 10 13.80834 19 37 45.52 +71 38 21.3          16.4 Vci7322240
K6378K03R00B  C2003 10 13.80908 19 37 46.09 +71 38 25.4          16.3 Vci7322240
K6378K03R00B  C2003 10 13.81058 19 37 47.19 +71 38 33.0          16.3 Vci7322240
K6378K03R00B  C2003 10 13.81207 19 37 48.30 +71 38 40.7          16.3 Vci7322240
K6378K03R00B  C2003 10 13.81357 19 37 49.45 +71 38 48.5          16.3 Vci7322240
K6378K03R00B  C2003 10 15.84527 20 09 18.77 +74 24 14.4          15.7 Rcj7817A48
K6378K03R00B  C2003 10 15.84567 20 09 19.09 +74 24 16.2          16.5 Rcj7817A48
K6378K03R00B  C2003 10 15.84608 20 09 19.51 +74 24 17.9          16.7 Rcj7817A48
K6378K03R00B  C2003 10 15.84648 20 09 19.89 +74 24 19.5          16.0 Rcj7817A48
K6378K03R00B  C2003 10 15.84689 20 09 20.27 +74 24 21.5          16.1 Rcj7817A48
K6378K03R00B  C2003 10 16.52005 20 21 42.84 +75 12 18.3          16.6 V i7322300
K6378K03R00B  C2003 10 16.52170 20 21 44.13 +75 12 24.1          16.5 V i7322300
K6378K03R00B  C2003 10 16.52355 20 21 46.16 +75 12 29.8          16.5 V i7322300
K6378K03R00B  C2003 10 16.52543 20 21 48.32 +75 12 39.4          16.5 V i7322300
K6378K03R00B  C2003 10 16.52727 20 21 50.63 +75 12 44.8          16.3 V i7322300
K6378K03R00B  C2003 10 16.52913 20 21 52.10 +75 12 51.7          16.0 V i7322300
K6378K03R00B  C2003 10 16.78740520 27 01.59 +75 29 51.5                oj0486084
K6378K03R00B  C2003 10 16.85725 20 28 21.91 +75 34 39.0          15.8 Rcj7817A48
K6378K03R00B  C2003 10 16.85766 20 28 22.33 +75 34 40.4          15.6 Rcj7817A48
K6378K03R00B  C2003 10 16.85807 20 28 22.90 +75 34 42.0          15.9 Rcj7817A48
K6378K03R00B  C2003 10 16.85847 20 28 23.32 +75 34 43.5          15.8 Rcj7818A48
K6378K03R00B  C2003 10 16.85888 20 28 23.80 +75 34 45.0          15.7 Rcj7818A48
K6378K03R00B  C2003 10 18.92989421 15 08.89 +77 28 51.8                oj0486084
K6378K03R00B  C2003 10 19.98845621 42 52.12 +78 10 01.9                oj0486084
K6378K03R00B  C2003 10 22.86502 23 05 22.42 +78 57 51.4          16.0 Rcj7818A48
K6378K03R00B  C2003 10 22.86698 23 05 25.62 +78 57 51.4          15.9 Rcj7818A48
K6378K03R00B  C2003 10 22.86965 23 05 29.91 +78 57 51.2          15.8 Rcj7818A48
K6378K03R00B  C2003 10 22.87291 23 05 35.30 +78 57 50.9          15.8 Rcj7818A48
K6378K03R00B  C2003 10 22.87537 23 05 39.16 +78 57 50.8          15.9 Rcj7818A48
K6378K03R00B  C2003 10 23.83969 23 32 55.31 +78 52 31.8                cj0980127
K6378K03R00B  C2003 10 23.84407 23 33 02.04 +78 52 29.2                cj0980127
K6378K03R00B  C2003 10 23.85253 23 33 15.27 +78 52 24.2                cj0980127
K6378K03R00B  C2003 10 24.76652823 57 37.15 +78 38 40.6                oj0486084
K6378K03R00B  C2003 10 25.87597 00 24 39.46 +78 12 57.6          15.7 Rcj7818A48
K6378K03R00B  C2003 10 25.87847 00 24 42.84 +78 12 53.9          15.8 Rcj7818A48
K6378K03R00B  C2003 10 25.88098 00 24 46.02 +78 12 49.5          15.8 Rcj7818A48
K6378K03R00B  C2003 10 27.87969 01 05 54.54 +77 05 26.3          15.9  ci9432469
K6378K03R00B  C2003 10 27.88929 01 06 04.35 +77 05 04.7          16.4  ci9432469
K6378K03R00B  C2003 10 27.89340 01 06 08.25 +77 04 55.8          16.0  ci9432469
K6378K03R00B  C2003 10 27.89757 01 06 12.45 +77 04 46.0          16.0  ci9432469
K6378K03R00B  C2003 10 27.91233 01 06 27.48 +77 04 11.9          16.0  ci9432469
K6378K03R00B  C2003 10 28.75152 01 20 56.07 +76 29 36.3                cj0980127
K6378K03R00B  C2003 10 28.75523 01 20 59.54 +76 29 27.8                cj0980127
K6378K03R00B  C2003 10 29.06965301 25 38.93 +76 15 52.8                oj0486084
K6378K03R00B  C2003 10 30.05083501 39 51.84 +75 32 04.1                oj0486084
K6378K03R00B  C2003 10 31.33545 01 55 49.21 +74 31 48.1          16.3 Rci9432H06
K6378K03R00B  C2003 10 31.34468 01 55 54.91 +74 31 19.9          16.4 Rci9432H06
K6378K03R00B  C2003 10 31.35532 01 56 01.61 +74 30 47.6          16.5 Rci9432H06
K6378K03R00B  C2003 11 01.74494 02 10 36.74 +73 21 28.5          16.6 Vci9432151
K6378K03R00B  C2003 11 01.74586 02 10 37.26 +73 21 26.1          16.7 Vci9432151
K6378K03R00B  C2003 11 01.74674 02 10 37.67 +73 21 24.2          16.7 Vci9432151
K6378K03R00B  C2003 11 01.74772 02 10 38.30 +73 21 21.0          16.6 Vci9432151
K6378K03R00B  C2003 11 01.74816 02 10 38.55 +73 21 19.9          16.8 Vci9432151
K6378K03R00B  C2003 11 01.74981 02 10 39.37 +73 21 15.2          16.6 Vci9432151
K6378K03R00B  C2003 11 01.75059 02 10 39.83 +73 21 12.9          16.3 Vci9432151
K6378K03R00B  C2003 11 01.75132 02 10 40.22 +73 21 10.8          16.7 Vci9432151
K6378K03R00B  C2003 11 01.83939902 11 23.14 +73 16 57.6                oj7818084
K6378K03R00B  C2003 11 02.77620 02 19 39.14 +72 29 20.0          16.8 Vci9432104
K6378K03R00B  C2003 11 02.77824 02 19 40.18 +72 29 13.9                ci9432104
K6378K03R00B  C2003 11 02.77991 02 19 41.05 +72 29 09.2                ci9432104
K6378K03R00B  C2003 11 02.78170 02 19 41.86 +72 29 04.5                ci9432104
K6378K03R00B  C2003 11 02.84648 02 20 10.98 +72 25 57.2                 j0486A30
K6378K03R00B  C2003 11 02.84813 02 20 11.66 +72 25 51.4                 j0486A30
K6378K03R00B  C2003 11 02.85061 02 20 12.95 +72 25 44.3                 j0486A30
K6378K03R00B  C2003 11 02.85283 02 20 13.76 +72 25 38.4                 j0486A30
K6378K03R00B  C2003 11 02.98043 02 21 11.38 +72 19 16.2          15.9 Rci9432458
K6378K03R00B  C2003 11 02.99455 02 21 17.30 +72 18 32.6          15.9 Rci9432458
K6378K03R00B  C2003 11 02.99674 02 21 18.30 +72 18 26.2          16.0 Rci9432458
K6378K03R00B  C2003 11 03.01768 02 21 25.42 +72 17 15.1          16.8  oj0486026
K6378K03R00B  C2003 11 03.02232 02 21 27.44 +72 17 00.4          16.8  oj0486026
K6378K03R00B  C2003 11 03.02510 02 21 28.62 +72 16 51.7          16.9  oj0486026
K6378K03R00B  C2003 11 03.02788 02 21 29.81 +72 16 42.8          16.9  oj0486026
K6378K03R00B  C2003 11 03.03066 02 21 31.02 +72 16 34.0          16.9  oj0486026
K6378K03R00B  C2003 11 03.03204 02 21 31.60 +72 16 29.6          16.9  oj0486026
K6378K03R00B  C2003 11 03.03482 02 21 32.80 +72 16 20.8          16.9  oj0486026
K6378K03R00B  C2003 11 03.03760 02 21 33.99 +72 16 11.9          17.0  oj0486026
K6378K03R00B  C2003 11 03.04315 02 21 36.34 +72 15 54.7          16.7  oj0486026
K6378K03R00B  C2003 11 03.78449 02 27 23.82 +71 37 32.0          16.6 Vcj0486151
K6378K03R00B  C2003 11 03.78574 02 27 24.27 +71 37 28.4          16.2 Vcj0486151
K6378K03R00B  C2003 11 03.78623 02 27 24.45 +71 37 27.3          16.5 Vcj0486151
K6378K03R00B  C2003 11 03.78740 02 27 25.00 +71 37 24.0          16.5 Vcj0486151
K6378K03R00B  C2003 11 03.78824 02 27 25.33 +71 37 21.3          16.5 Vcj0486151
K6378K03R00B  C2003 11 03.78961 02 27 25.87 +71 37 17.3          16.6 Vcj0486151
K6378K03R00B  C2003 11 03.79197 02 27 26.84 +71 37 10.9          16.4 Vcj0486151
K6378K03R00B  C2003 11 03.79378 02 27 27.65 +71 37 05.3          16.6 Vcj0486151
K6378K03R00B  C2003 11 04.83413 02 34 27.79 +70 43 24.0          16.7 Vcj0486151
K6378K03R00B  C2003 11 04.83664 02 34 28.57 +70 43 16.5          16.9 Vcj0486151
K6378K03R00B  C2003 11 04.83766 02 34 28.98 +70 43 13.6          16.9 Vcj0486151
K6378K03R00B  C2003 11 04.83912 02 34 29.48 +70 43 09.2          16.7 Vcj0486151
K6378K03R00B  C2003 11 04.83951 02 34 29.63 +70 43 07.9          16.7 Vcj0486151
K6378K03R00B  C2003 11 04.84167 02 34 30.30 +70 43 02.3          16.5 Vcj0486151
K6378K03R00B  C2003 11 04.84329 02 34 30.93 +70 42 57.0          16.9 Vcj0486151
K6378K03R00B  C2003 11 04.97434 02 35 15.00 +70 36 13.4                cj0980127
K6378K03R00B  C2003 11 04.98183 02 35 17.49 +70 35 49.9                cj0980127
K6378K03R00B  C2003 11 06.27925 02 42 46.80 +69 28 48.5          16.5 Rcj0486926
K6378K03R00B  C2003 11 06.28092 02 42 46.51 +69 28 41.5          16.8  cj0486704
K6378K03R00B  C2003 11 06.28095 02 42 47.31 +69 28 42.7          16.8 Rcj0486926
K6378K03R00B  C2003 11 06.28272 02 42 47.83 +69 28 36.8          16.5 Rcj0487926
K6378K03R00B  C2003 11 06.29357 02 42 49.78 +69 28 02.5          17.2  cj0487704
K6378K03R00B  C2003 11 06.30639 02 42 53.32 +69 27 21.9          17.1  cj0487704
K6378K03R00B  C2003 11 06.31927 02 42 56.64 +69 26 41.5          17.3  cj0487704
K6378K03R00B  C2003 11 06.33285 02 43 00.45 +69 25 57.9          17.1  cj0487704
K6378K03R00B  C2003 11 06.55376 02 44 14.67 +69 14 29.0                 j0980355
K6378K03R00B  C2003 11 06.56037 02 44 16.33 +69 14 08.3          17.0 V j0980355
K6378K03R00B  C2003 11 06.56242 02 44 16.91 +69 14 02.4                 j0980355
K6378K03R00B  C2003 11 06.56447 02 44 17.41 +69 13 56.2                 j0980355
K6378K03R00B  C2003 11 06.98251 02 46 22.05 +68 52 11.6          16.6 Rcj0487458
K6378K03R00B  C2003 11 06.98591 02 46 23.31 +68 52 01.1          16.5 Rcj0487458
K6378K03R00B  C2003 11 07.59641 02 49 16.24 +68 20 29.7                 j0980355
K6378K03R00B  C2003 11 07.59867 02 49 16.81 +68 20 22.7                 j0980355
K6378K03R00B  C2003 11 07.60117 02 49 17.27 +68 20 14.5                 j0980355
K6378K03R00B  C2003 11 07.60362 02 49 17.86 +68 20 06.5          17.2 V j0980355
K6378K03R00B  C2003 11 07.94610602 50 48.82 +68 02 04.2                oj7818084
K6378K03R00B  C2003 11 16.56315 03 15 52.00 +60 50 22.2          16.8 V j0980355
K6378K03R00B  C2003 11 16.56689 03 15 52.31 +60 50 11.8                 j0980355
K6378K03R00B  C2003 11 16.57020 03 15 52.59 +60 50 02.1                 j0980355
K6378K03R00B  C2003 11 16.57307 03 15 52.77 +60 49 54.2                 j0980355
K6378K03R00B  C2003 11 19.25338 03 20 22.49 +58 42 29.1          16.5 Rrj0980649
K6378K03R00B  C2003 11 19.25705 03 20 22.74 +58 42 18.7          16.5 Rrj0980649
K6378K03R00B  C2003 11 19.26073 03 20 22.96 +58 42 08.3          16.4 Rrj0980649
K6378K03R00B  C2003 11 20.69878 03 22 30.54 +57 34 56.0                rj0980557
K6378K03R00B  C2003 11 20.71185 03 22 31.58 +57 34 21.5                rj0980557
K6378K03R00B  C2003 11 20.72491 03 22 32.58 +57 33 47.4                rj0980557
K6378K03R00B  C2003 11 21.07211 03 22 55.14 +57 18 00.1                rj0980557
K6378K03R00B  C2003 11 21.09451 03 22 56.67 +57 16 55.6                rj0980557
K6378K03R00B  C2003 11 21.11503 03 22 58.11 +57 15 56.8                rj0980557
K6378K03R00B  C2003 11 21.13558 03 22 59.59 +57 14 58.0                rj0980557
K6378K03R00B  C2003 11 21.15610 03 23 01.11 +57 13 58.9                rj0980557
K6378K03R00B  C2003 11 21.17850 03 23 02.85 +57 12 54.6                rj0980557
K6378K03R00B  C2003 11 21.20648 03 23 05.12 +57 11 34.0                rj0980557
K6378K03R00B  C2003 11 21.73542 03 23 52.22 +56 47 37.2                rj1823557
K6378K03R00B  C2003 11 21.75659 03 23 53.69 +56 46 42.3                rj1823557
K6378K03R00B  C2003 11 21.77757 03 23 55.09 +56 45 47.3                rj1823557
K6378K03R00B  C2003 11 21.80316 03 23 56.73 +56 44 40.1                rj1823557
K6378K03R00B  C2003 11 21.81642 03 23 57.91 +56 44 05.0          16.7 Voj2736A16
K6378K03R00B  C2003 11 21.81809 03 23 57.64 +56 44 01.1                rj1823557
K6378K03R00B  C2003 11 21.83059 03 23 58.78 +56 43 28.6          16.9 Voj2736A16
K6378K03R00B  C2003 11 21.84194 03 23 59.58 +56 42 58.3          16.9 Voj2736A16
K6378K03R00B  C2003 11 21.85044 03 24 00.04 +56 42 35.1          16.7 Voj2736A16
K6378K03R00B  C2003 11 21.85329 03 24 00.20 +56 42 28.5          17.0 Voj2736A16
K6378K03R00B  C2003 11 21.85612 03 24 00.42 +56 42 20.8          16.9 Voj2736A16
K6378K03R00B  C2003 11 22.08044 03 24 13.00 +56 32 04.6                rj1823557
K6378K03R00B  C2003 11 22.08605 03 24 13.36 +56 31 48.8                rj1823557
K6378K03R00B  C2003 11 23.18880 03 25 35.93 +55 42 41.2          16.5 Rdj1823H72
K6378K03R00B  C2003 11 23.19105 03 25 35.99 +55 42 34.8          16.5 Rdj1823H72
K6378K03R00B  C2003 11 23.19330 03 25 36.00 +55 42 29.3          16.6 Rdj1823H72
K6378K03R00B  C2003 11 23.19556 03 25 36.12 +55 42 22.4          16.7 Rdj1823H72
K6378K03R00B  C2003 11 25.75713703 28 25.67 +53 49 46.7                oj7818084
K6378K03R00B  C2003 11 27.10968 03 29 47.34 +52 52 33.4          16.3  dj2736H72
K6378K03R00B  C2003 11 27.11211 03 29 47.52 +52 52 27.8          16.5  dj2736H72
K6378K03R00B  C2003 11 27.11454 03 29 47.60 +52 52 21.0          16.6  dj2736H72
K6378K03R00B  C2003 11 27.11697 03 29 47.65 +52 52 14.8          16.6  dj2736H72
K6378K03R00B  C2003 11 27.17328 03 29 49.77 +52 49 56.2          16.4  dj2736H72
K6378K03R00B  C2003 11 27.25951 03 29 53.02 +52 46 15.4          15.5  dj2736H72
K6378K03R00B  C2003 11 27.26193 03 29 53.11 +52 46 09.2          16.7  dj2736H72
K6378K03R00B  C2003 11 27.42543 03 30 00.60 +52 38 58.0          16.4  dj2736H72
K6378K03R00B  C2003 11 27.42792 03 30 00.74 +52 38 50.0          15.4  dj2736H72
K6378K03R00B  C2003 11 29.83164 03 32 20.16 +51 00 13.1          17.4  cj2736130
K6378K03R00B  C2003 11 29.83416 03 32 20.25 +51 00 07.0          17.4  cj2736130
K6378K03R00B  C2003 11 29.83669 03 32 20.35 +51 00 00.9          17.5  cj2736130
K6378K03R00B  C2003 11 30.06369 03 32 33.48 +50 51 01.5          17.0  dj2736H72
K6378K03R00B  C2003 11 30.06658 03 32 33.51 +50 50 54.3          16.8  dj2736H72
K6378K03R00B  C2003 11 30.06911 03 32 33.69 +50 50 48.4          16.8  dj2736H72
K6378K03R00B  C2003 11 30.07166 03 32 33.68 +50 50 42.3          16.5  dj2736H72
K6378K03R00B  C2003 12 05.23480 03 36 58.92 +47 33 07.2          17.9  cj2736704
K6378K03R00B  C2003 12 05.24575 03 36 59.27 +47 32 44.1          18.3  cj2736704
K6378K03R00B  C2003 12 05.25678 03 36 59.67 +47 32 18.8          18.2  cj2736704
K6378K03R00B  C2003 12 05.26770 03 37 00.08 +47 31 55.5          18.0  cj2736704
K6378K03R00B  C2003 12 05.27872 03 37 00.43 +47 31 30.7          18.1  cj2736704
K6378K03R00B  C2003 12 09.77711303 40 47.46 +44 55 02.4                oj7818084
K6378K03R00B  C2003 12 12.89354 03 43 25.97 +43 15 35.2          17.4 Roj3706213
K6378K03R00B  C2003 12 12.89585 03 43 26.10 +43 15 29.8          17.5 Roj3706213
K6378K03R00B  C2003 12 12.90765 03 43 26.60 +43 15 08.7          17.4 Roj3706213
K6378K03R00B  C2003 12 12.97648 03 43 29.10 +43 12 58.5          18.0 R j3706126
K6378K03R00B  C2003 12 12.98017 03 43 29.28 +43 12 51.5          18.0 R j3706126
K6378K03R00B  C2003 12 12.98174 03 43 29.35 +43 12 48.5          18.0 R j3706126
K6378K03R00B  C2003 12 12.98831 03 43 29.68 +43 12 35.9          18.0 R j3706126
K6378K03R00B  C2003 12 13.82569 03 44 14.69 +42 47 05.0          18.0 Vcj3706104
K6378K03R00B  C2003 12 13.82912 03 44 14.83 +42 46 58.9          18.0 Vcj3706104
K6378K03R00B  C2003 12 13.83433 03 44 15.05 +42 46 49.5          18.0 Vcj3706104
K6378K03R00B  C2003 12 13.84906 03 44 15.85 +42 46 17.5                 j5808441
K6378K03R00B  C2003 12 13.85520 03 44 16.15 +42 46 06.4                 j5808441
K6378K03R00B  C2003 12 14.84419 03 45 07.93 +42 16 36.9                 j5808441
K6378K03R00B  C2003 12 14.84711 03 45 08.01 +42 16 32.0                 j5808441
K6378K03R00B  C2003 12 15.21455 03 45 26.79 +42 05 56.7          18.2  cj3706704
K6378K03R00B  C2003 12 15.22759 03 45 27.34 +42 05 33.8          18.0  cj3706704
K6378K03R00B  C2003 12 15.24117 03 45 27.89 +42 05 09.8          18.2  cj3706704
K6378K03R00B  C2003 12 15.25439 03 45 28.44 +42 04 46.8          18.4  cj3706704
K6378K03R00B  C2003 12 16.04894 03 46 10.08 +41 41 38.7          17.2 Rcj3706J92
K6378K03R00B  C2003 12 16.05104 03 46 10.23 +41 41 34.6          18.0 Rcj3706J92
K6378K03R00B  C2003 12 16.05315 03 46 10.39 +41 41 30.7          17.7 Rcj3706J92
K6378K03R00B  C2003 12 16.05525 03 46 10.42 +41 41 27.5          17.5 Rcj3706J92
K6378K03R00B  C2003 12 16.06587 03 46 10.89 +41 41 08.8          17.4 Rcj3706J92
K6378K03R00B  C2003 12 16.06797 03 46 10.99 +41 41 05.2          17.6 Rcj3706J92
K6378K03R00B  C2003 12 16.07219 03 46 11.17 +41 40 58.1          17.1 Rcj3706J92
K6378K03R00B  C2003 12 16.98927 03 47 00.91 +41 15 07.8          17.7 Rcj3706J92
K6378K03R00B  C2003 12 16.99139 03 47 01.06 +41 15 01.2          17.3 Rcj3706J92
K6378K03R00B  C2003 12 16.99350 03 47 01.15 +41 14 57.7          17.7 Rcj3706J92
K6378K03R00B  C2003 12 16.99560 03 47 01.14 +41 14 54.1          18.3 Rcj3706J92
K6378K03R00B  C2003 12 17.00766 03 47 01.70 +41 14 37.6          17.7 Rcj3706J92
K6378K03R00B  C2003 12 17.82767 03 47 47.70 +40 51 51.9          17.6 Rcj3706J92
K6378K03R00B  C2003 12 17.83190 03 47 47.88 +40 51 44.8          17.7 Rcj3706J92
K6378K03R00B  C2003 12 17.83400 03 47 48.00 +40 51 41.4          17.7 Rcj3706J92
K6378K03R00B  C2003 12 17.83975 03 47 48.21 +40 51 32.8          17.6 Rcj3706J92
K6378K03R00B  C2003 12 17.84185 03 47 48.33 +40 51 29.0          17.9 Rcj3706J92
K6378K03R00B  C2003 12 17.84396 03 47 48.54 +40 51 25.1          17.8 Rcj3706J92
K6378K03R00B  C2003 12 17.84606 03 47 48.57 +40 51 22.0          17.9 Rcj3706J92
K6378K03R00B  C2003 12 17.87688 03 47 50.03 +40 50 32.2          17.7 Rcj3706J92
K6378K03R00B  C2003 12 17.87898 03 47 50.13 +40 50 28.7          17.5 Rcj3706J92
K6378K03R00B  C2003 12 17.88109 03 47 50.17 +40 50 25.4          17.9 Rcj3706J92
K6378K03R00B  C2003 12 17.88321 03 47 50.33 +40 50 21.8          17.8 Rcj3706J92
K6378K03R00B  C2003 12 17.89584 03 47 50.94 +40 50 01.0          18.2 Rcj3706J92
K6378K03R00B  C2003 12 17.90906 03 47 51.45 +40 49 43.7          18.0 Rcj3706J92
K6378K03R00B  C2003 12 17.91117 03 47 51.59 +40 49 36.5          18.0 Rcj3706J92
K6378K03R00B  C2003 12 17.91389 03 47 51.72 +40 49 31.7          17.9 Rcj3706J92
K6378K03R00B  C2003 12 17.91600 03 47 51.84 +40 49 28.5          17.6 Rcj3706J92
K6378K03R00B  C2003 12 17.92021 03 47 52.07 +40 49 21.8          17.9 Rcj3706J92
K6378K03R00B  C2003 12 17.92233 03 47 52.14 +40 49 17.9          17.8 Rcj3706J92
K6378K03R00B  C2003 12 17.92443 03 47 52.17 +40 49 14.4          17.9 Rcj3706J92
K6378K03R00B  C2003 12 18.79668 03 48 41.07 +40 25 38.0          17.7 Rcj3706J92
K6378K03R00B  C2003 12 18.79878 03 48 41.26 +40 25 34.7          17.3 Rcj3706J92
K6378K03R00B  C2003 12 18.80089 03 48 41.34 +40 25 30.9          18.2 Rcj3706J92
K6378K03R00B  C2003 12 18.80300 03 48 41.42 +40 25 27.7          17.8 Rcj3706J92
K6378K03R00B  C2003 12 18.80722 03 48 41.62 +40 25 21.3          17.6 Rcj3706J92
K6378K03R00B  C2003 12 18.80933 03 48 41.74 +40 25 18.1          17.9 Rcj3706J92
K6378K03R00B  C2003 12 18.81144 03 48 41.80 +40 25 14.6          17.6 Rcj3706J92
K6378K03R00B  C2003 12 18.81354 03 48 41.95 +40 25 11.5          17.7 Rcj3706J92
K6378K03R00B  C2003 12 21.72020 03 51 26.44 +39 10 16.8                 j5808441
K6378K03R00B  C2003 12 21.72633 03 51 26.89 +39 10 08.4                 j5808441
K6378K03R00B  C2003 12 28.83407 03 58 42.18 +36 30 16.3          19.5 Rcj5808J92
K6378K03R00B  C2003 12 28.83619 03 58 42.51 +36 30 11.5          19.7 Rcj5808J92
K6378K03R00B  C2003 12 28.83830 03 58 42.69 +36 30 09.0          20.1 Rcj5808J92
K6378K03R00B  C2003 12 28.85103 03 58 43.45 +36 29 53.6          20.0 Rcj5808J92
K6378K03R00B  C2003 12 28.87976 03 58 45.15 +36 29 18.8          19.8 Rcj5808J92
K6378K03R00B  C2003 12 28.89622 03 58 46.05 +36 28 58.6          19.0 Rcj5808J92
K6378K03R00B  C2003 12 28.97138 03 58 50.58 +36 27 27.0          20.2 Rcj5808J92
K6378K03R00B  C2003 12 28.97385 03 58 50.69 +36 27 22.8          19.5 Rcj5808J92
K6378K03R00B  C2003 12 28.97632 03 58 50.91 +36 27 19.8          19.8 Rcj5808J92
K6378K03R00B  C2003 12 28.97880 03 58 50.98 +36 27 17.4          19.9 Rcj5808J92
K6378K03R00B  C2003 12 30.19140 04 00 11.13 +36 03 15.2          18.5  cj5808704
K6378K03R00B  C2003 12 30.20435 04 00 11.93 +36 03 00.1          18.8  cj5808704
K6378K03R00B  C2003 12 30.21626 04 00 12.52 +36 02 46.4          19.2  cj5808704
K6378K03R00B  C2003 12 30.22842 04 00 13.34 +36 02 31.6          18.6  cj5808704
K6378K03R00B  C2003 12 30.24158 04 00 14.11 +36 02 15.9          18.7  cj5808704
K6378K03R00B  C2004 01 11.15517 04 14 32.57 +32 46 20.2          19.2  cj6617644
K6378K03R00B  C2004 01 11.15645 04 14 32.65 +32 46 19.3          19.3  cj6617644
K6378K03R00B  C2004 01 11.17626 04 14 34.07 +32 46 03.4          19.5  cj6617644
K6378K03R00B  C2004 01 11.17753 04 14 34.15 +32 46 02.3          19.3  cj6617644
K6378K03R00B  C2004 01 11.19694 04 14 35.56 +32 45 46.3          19.5  cj6617644
K6378K03R00B  C2004 01 11.19826 04 14 35.64 +32 45 45.2          19.6  cj6617644
K6378K03R00B  C2004 01 16.15471 04 21 09.21 +31 42 52.1          18.9  cj6617644
K6378K03R00B  C2004 01 16.17640 04 21 10.83 +31 42 36.9          19.2  cj6617644
K6378K03R00B  C2004 01 16.19763 04 21 12.44 +31 42 21.7          19.2  cj6617644
K6378K03R00B HC2007 03 09.31323 11 25 30.32 -02 59 44.9                ou2336291
K6378K03R00B  C2007 03 09.31734 11 25 30.04 -02 59 43.7                ou2336291
K6378K03R00B HC2007 03 09.32113 11 25 29.75 -02 59 42.2                ou2336291
K6378K03R00B  C2008 11 30.47854 09 57 29.50 +17 02 49.5          21.6 Vo~01wC291
K6378K03R00B  C2008 11 30.48510 09 57 29.65 +17 02 48.0          21.4 Vo~01wC291
K6378K03R00B  C2008 11 30.48911 09 57 29.76 +17 02 47.2          21.2 Vo~01wC291
K6378K03R00B  C2008 12 30.37808 09 50 03.48 +16 29 25.0          21.0 Vr~02cYG96
K6378K03R00B  C2008 12 30.39027 09 50 02.76 +16 29 25.7          20.5 Vr~02cYG96
K6378K03R00B  C2008 12 30.40454 09 50 01.86 +16 29 27.8          20.9 Vr~02cYG96
K6378K03R00B  C2008 12 30.41682 09 50 01.10 +16 29 29.6          20.9 Vr~02cYG96
K6378K03R00B HC2009 01 16.31198 09 27 34.78 +17 18 32.9          20.7 Vo~03Dn691
K6378K03R00B HC2009 01 16.33034 09 27 32.96 +17 18 36.9                o~03Dn691
K6378K03R00B HC2009 01 16.34846 09 27 31.11 +17 18 40.6          20.7 Vo~03Dn691
K6378K03R00B  C2009 01 16.49817 09 27 16.05 +17 19 13.4          20.4 Vr~03DnG96
K6378K03R00B  C2009 01 16.50327 09 27 15.58 +17 19 14.7          20.2 Vr~03DnG96
K6378K03R00B  C2009 01 16.50836 09 27 15.04 +17 19 16.0          20.6 Vr~03DnG96
K6378K03R00B  C2009 01 16.51350 09 27 14.54 +17 19 16.6          20.5 Vr~03DnG96
K6378K03R00B HC2009 01 20.29927 09 20 57.86 +17 32 58.9          20.6 Vo~03Dn691
K6378K03R00B HC2009 01 20.31767 09 20 55.89 +17 33 02.9          20.9 Vo~03Dn691
K6378K03R00B HC2009 01 26.19732 09 10 46.38 +17 53 53.8                o~03Dn691
K6378K03R00B HC2009 01 26.21570 09 10 44.52 +17 53 58.7          20.6 Vo~03Dn691
K6378K03R00B  C2009 01 31.19017 09 02 06.07 +18 10 03.9          20.1 Vo~03Dn691
K6378K03R00B  C2009 01 31.20852 09 02 04.13 +18 10 07.5          20.1 Vo~03Dn691
K6378K03R00B  C2009 01 31.22663 09 02 02.21 +18 10 11.0          20.2 Vo~03Dn691
K6378K03R00B  C2009 02 04.18690 08 55 21.07 +18 21 19.7                o~03Dn691
K6378K03R00B  C2009 02 04.20504 08 55 19.25 +18 21 22.7                o~03Dn691
K6378K03R00B  C2009 02 04.22318 08 55 17.39 +18 21 25.8                o~03Dn691
K6378         C2015 09 03.39479403 16 28.04 +62 22 00.4          15.72R      V37
K6378         C2015 09 03.39528203 16 28.54 +62 22 01.5          15.74R      V37
K6378         C2015 09 03.39576403 16 29.07 +62 22 02.6          15.75R      V37
K6378         C2015 09 03.39624503 16 29.60 +62 22 03.7          15.65R      V37
K6378         C2015 09 03.39673303 16 30.09 +62 22 04.8          15.65R      V37
K6378         C2015 09 03.39722403 16 30.65 +62 22 05.9          15.65R      V37
K6378         C2015 09 03.39775303 16 31.23 +62 22 07.0          15.66R      V37
K6378         C2015 09 03.39825103 16 31.74 +62 22 08.1          15.74R      V37
K6378         C2015 09 03.39879003 16 32.34 +62 22 09.2          15.66R      V37
K6378         C2015 09 03.39927303 16 32.82 +62 22 10.3          15.71R      V37
K6378         C2015 09 03.39979403 16 33.39 +62 22 11.6          15.72R      V37
K6378         C2015 09 03.40026903 16 33.90 +62 22 12.5          15.60R      V37
K6378         C2015 09 03.40080603 16 34.49 +62 22 13.8          15.68R      V37
K6378        tC2015 09 03.40129803 16 35.11 +62 22 15.0          15.46R      V37
K6378         C2015 09 03.40178003 16 35.52 +62 22 16.0          15.69R      V37
K6378         C2015 09 03.40227003 16 36.05 +62 22 17.1          15.73R      V37
K6378         C2015 09 03.40273803 16 36.54 +62 22 18.1          15.70R      V37
K6378         C2015 09 03.40326403 16 37.09 +62 22 19.3          15.62R      V37
K6378         C2015 09 03.40374303 16 37.62 +62 22 20.4          15.65R      V37
K6378         C2015 09 03.40424303 16 38.13 +62 22 21.4          15.68R      V37
K6378         C2015 09 03.40472103 16 38.64 +62 22 22.4          15.70R      V37
K6378         C2015 09 03.40520603 16 39.18 +62 22 23.5          15.68R      V37
K6378         C2015 09 03.40571103 16 39.70 +62 22 24.5          15.61R      V37
K6378         C2015 09 03.40618803 16 40.22 +62 22 25.6          15.60R      V37
K6378         C2015 09 03.40667303 16 40.73 +62 22 26.9          15.62R      V37
K6378         C2015 09 03.40715903 16 41.28 +62 22 27.9          15.67R      V37
K6378         C2015 09 03.40764303 16 41.79 +62 22 28.9          15.60R      V37
K6378         C2015 09 03.40843403 16 42.63 +62 22 30.6          15.90R      V37
K6378         C2015 09 03.40891003 16 43.14 +62 22 31.4          15.64R      V37
K6378         C2015 09 03.40940403 16 43.69 +62 22 32.8          15.61R      V37
K6378         C2015 09 03.40989403 16 44.20 +62 22 33.7          15.75R      V37
K6378         C2015 09 03.41037103 16 44.73 +62 22 34.8          15.65R      V37
K6378         C2015 09 03.41089003 16 45.25 +62 22 35.9          15.68R      V37
K6378         C2015 09 03.41136403 16 45.78 +62 22 37.2          15.68R      V37
K6378         C2015 09 03.41185503 16 46.31 +62 22 38.1          15.81R      V37
K6378         C2015 09 03.41233403 16 46.84 +62 22 39.1          15.72R      V37
K6378         C2015 09 03.41282503 16 47.32 +62 22 40.2          15.60R      V37
K6378         C2015 09 03.41332903 16 47.90 +62 22 41.3          15.60R      V37
K6378         C2015 09 03.41379903 16 48.34 +62 22 42.3          15.58R      V37
K6378         C2015 09 03.41431603 16 48.93 +62 22 43.6          15.69R      V37
K6378         C2015 09 03.41480203 16 49.42 +62 22 44.3          15.66R      V37
K6378         C2015 09 03.41543003 16 50.09 +62 22 45.9          15.64R      V37
K6378         C2015 09 03.42090103 16 55.95 +62 22 57.6          15.68R      V37
K6378         C2015 09 03.42139103 16 56.47 +62 22 58.7          15.66R      V37
K6378         C2015 09 03.42186003 16 56.95 +62 22 59.7          15.70R      V37
K6378         C2015 09 03.42238803 16 57.54 +62 23 00.8          15.90R      V37
K6378         C2015 09 03.42285103 16 57.98 +62 23 01.6          15.63R      V37
K6378         C2015 09 03.42335403 16 58.58 +62 23 03.0          15.65R      V37
K6378         C2015 09 03.42382703 16 59.05 +62 23 03.8          15.72R      V37
K6378         C2015 09 03.42430203 16 59.56 +62 23 04.9          15.70R      V37
K6378         C2015 09 03.42481003 17 00.09 +62 23 05.9          15.67R      V37
K6378         C2015 09 03.42528403 17 00.61 +62 23 07.0          15.73R      V37
K6378         C2015 09 03.42631203 17 01.72 +62 23 09.2          15.78R      V37
K6378         C2015 09 03.42678903 17 02.20 +62 23 10.3          15.67R      V37
K6378         C2015 09 03.42727903 17 02.77 +62 23 11.3          15.62R      V37
K6378         C2015 09 03.42777103 17 03.24 +62 23 12.2          15.66R      V37
K6378         C2015 09 03.42826103 17 03.81 +62 23 13.4          15.71R      V37
K6378         C2015 09 03.42873803 17 04.29 +62 23 14.2          15.70R      V37
K6378         C2015 09 03.42932903 17 04.91 +62 23 15.4          15.80R      V37
K6378         C2015 09 03.42980503 17 05.39 +62 23 16.5          15.71R      V37
K6378         C2015 09 03.43031103 17 05.95 +62 23 17.6          15.70R      V37
K6378         C2015 09 03.43078203 17 06.48 +62 23 18.5          15.65R      V37
K6378         C2015 09 03.43126003 17 06.97 +62 23 19.6          15.75R      V37
K6378         C2015 09 03.43178403 17 07.51 +62 23 20.7          15.65R      V37
K6378         C2015 09 03.43226603 17 08.04 +62 23 21.7          15.70R      V37
K6378        IC2015 09 03.43277603 17 08.68 +62 23 23.0          16.09R      V37
K6378         C2015 09 03.43324503 17 09.09 +62 23 23.7          15.72R      V37
K6378         C2015 09 03.43373503 17 09.58 +62 23 24.8          15.70R      V37
K6378         C2015 09 03.43421303 17 10.11 +62 23 25.9          15.71R      V37
K6378         C2015 09 03.43472903 17 10.66 +62 23 26.7          15.52R      V37
K6378         C2015 09 03.43522103 17 11.19 +62 23 27.9          15.72R      V37
K6378         C2015 09 03.43569503 17 11.70 +62 23 28.8          15.61R      V37
K6378         C2015 09 03.43626103 17 12.27 +62 23 30.0          15.55R      V37
K6378         C2015 09 03.43674203 17 12.79 +62 23 31.0          15.81R      V37
K6378         C2015 09 03.43725503 17 13.32 +62 23 32.1          15.67R      V37
K6378         C2015 09 03.43775103 17 13.87 +62 23 33.0          15.68R      V37
K6378         C2015 09 03.43824003 17 14.39 +62 23 34.3          15.53R      V37
K6378         C2015 09 03.43872603 17 14.90 +62 23 35.0          15.64R      V37
K6378         C2015 09 03.43921003 17 15.40 +62 23 36.2          15.63R      V37
K6378         C2015 09 03.43972403 17 15.98 +62 23 37.2          15.77R      V37
K6378         C2015 09 03.44020803 17 16.50 +62 23 38.3          15.65R      V37
K6378         C2015 09 03.44070103 17 17.00 +62 23 39.3          15.66R      V37
K6378         C2015 09 03.44119203 17 17.49 +62 23 40.4          15.65R      V37

