     K15FX2S* C2015 03 29.54613 15 30 47.285+00 45 54.03         20.6 wL~1Pr5F51
     K15FX2S  C2015 03 29.55876 15 30 47.459+00 46 20.63         20.6 wL~1Pr5F51
     K15FX2S  C2015 03 29.57139 15 30 47.627+00 46 46.99         20.4 wL~1Pr5F51
     K15FX2S  C2015 03 29.58401 15 30 47.797+00 47 13.61         20.5 wL~1Pr5F51
     K15FX2S KC2015 03 30.35377215 31 00.65 +01 14 21.1          20.7 Vu~1Pr5H21
     K15FX2S KC2015 03 30.35885515 31 00.71 +01 14 32.7          20.5 Vu~1Pr5H21
     K15FX2S KC2015 03 30.36400115 31 00.79 +01 14 43.2          20.4 Vu~1Pr5H21
     K15FX2S KC2015 04 01.36213 15 31 28.17 +02 27 37.3          20.1 Ro~1Pr5291
     K15FX2S KC2015 04 01.36397 15 31 28.17 +02 27 41.1          20.3 Ro~1Pr5291
     K15FX2S KC2015 04 01.36582 15 31 28.19 +02 27 45.1          20.4 Ro~1Pr5291
     K15FX2S KC2015 04 01.42000 15 31 28.59 +02 29 46.5                o~1Pr5711
     K15FX2S KC2015 04 01.42423 15 31 28.56 +02 29 56.0                o~1Pr5711
     K15FX2S KC2015 04 01.42862 15 31 28.61 +02 30 06.1                o~1Pr5711
     K15FX2S  C2015 04 02.33995 15 31 38.39 +03 04 30.5                o~1Pr5711
     K15FX2S  C2015 04 02.34299 15 31 38.40 +03 04 37.1                o~1Pr5711
     K15FX2S  C2015 04 02.34600 15 31 38.42 +03 04 44.4                o~1Pr5711
     K15FX2S  C2015 04 04.46936 15 31 53.352+04 27 38.28         20.2 wL~1Pr5F51
     K15FX2S  C2015 04 04.49332 15 31 53.384+04 28 35.58         20.4 wL~1Pr5F51
     K15FX2S  C2015 04 04.50534 15 31 53.395+04 29 04.39         20.3 wL~1Pr5F51
     K15FX2S KC2015 04 09.44077615 31 46.98 +07 56 05.5          19.3 Rq~1Pr5448
     K15FX2S KC2015 04 09.46060315 31 46.76 +07 56 56.8          19.7 Rq~1Pr5448
     K15FX2S KC2015 04 09.48097015 31 46.49 +07 57 51.2          19.8 Rq~1Pr5448
     K15FX2S  C2015 04 10.72760 15 31 35.91 +08 53 13.8          20.1 Rq~1Q5OD29
     K15FX2S  C2015 04 10.74348 15 31 35.77 +08 53 53.9          20.0 Rq~1Q5OD29
     K15FX2S KC2015 04 11.34486415 31 28.93 +09 21 02.8          20.1 Vu~1Q5OH21
     K15FX2S KC2015 04 11.34900815 31 28.88 +09 21 13.8          20.2 Vu~1Q5OH21
     K15FX2S KC2015 04 11.35172 15 31 29.07 +09 21 22.8          19.7 Ro~1Q5O291
     K15FX2S KC2015 04 11.35301115 31 28.80 +09 21 24.9          20.2 Vu~1Q5OH21
     K15FX2S KC2015 04 11.35397 15 31 29.04 +09 21 29.0          19.7 Ro~1Q5O291
     K15FX2S KC2015 04 11.35622 15 31 29.00 +09 21 35.2          19.7 Ro~1Q5O291
     K15FX2S  C2015 04 13.41972 15 30 58.47 +10 56 38.3          20.4 Vq~1Q5O703
     K15FX2S  C2015 04 13.42475 15 30 58.45 +10 56 52.5          19.2 Vq~1Q5O703
     K15FX2S  C2015 04 13.42980 15 30 58.34 +10 57 07.3          19.5 Vq~1Q5O703
     K15FX2S KC2015 04 17.35546015 29 30.14 +14 05 36.1          19.5 Rq~1QfY448
     K15FX2S KC2015 04 17.37450515 29 29.58 +14 06 31.8          19.8 Rq~1QfY448
     K15FX2S KC2015 04 17.39432115 29 28.93 +14 07 30.0          19.7 Rq~1QfY448
     K15FX2S HC2015 04 17.49250 15 29 25.87 +14 12 19.8          19.7 Ro~1Q5O291
     K15FX2S HC2015 04 17.49378 15 29 25.84 +14 12 23.6          19.7 Ro~1Q5O291
     K15FX2S HC2015 04 17.49506 15 29 25.79 +14 12 27.4          19.9 Ro~1Q5O291
     K15FX2S  C2015 04 18.23290 15 29 05.26 +14 48 53.4          19.2 Ro~1QfY926
     K15FX2S  C2015 04 18.24349 15 29 04.96 +14 49 25.2          19.5 Ro~1QfY926
     K15FX2S  C2015 04 18.25660 15 29 04.54 +14 50 03.4          19.2 Ro~1QfY926
     K15FX2S KC2015 04 18.36492 15 29 00.54 +14 55 25.5          20.0 Vq~1QfYH21
     K15FX2S KC2015 04 18.36972 15 29 00.39 +14 55 39.7          19.9 Vq~1QfYH21
     K15FX2S KC2015 04 18.37452 15 29 00.22 +14 55 54.2          19.5 Vq~1QfYH21
     K15FX2S  C2015 04 18.42155 15 28 58.83 +14 58 16.1          18.6 Vq~1QfY703
     K15FX2S  C2015 04 18.42659 15 28 58.67 +14 58 30.3          20.2 Vq~1QfY703
     K15FX2S  C2015 04 18.43669 15 28 58.37 +14 59 00.8          20.0 Vq~1QfY703
     K15FX2S KC2015 04 20.46553 15 27 50.46 +16 40 41.1          19.5 Ro~1QfY291
     K15FX2S KC2015 04 20.46692 15 27 50.40 +16 40 45.3          19.5 Ro~1QfY291
     K15FX2S KC2015 04 20.46830 15 27 50.35 +16 40 49.4          19.4 Ro~1QfY291
     K15FX2S KC2015 04 21.87835 15 26 57.61 +17 52 21.6          19.6 Vq~1QfY151
     K15FX2S KC2015 04 21.88230 15 26 57.40 +17 52 33.4          19.7 Vq~1QfY151
     K15FX2S KC2015 04 21.88624 15 26 57.11 +17 52 44.9          19.0 Vq~1QfY151
     K15FX2S KC2015 04 22.86487 15 26 16.96 +18 42 47.5          19.3 Vq~1QfYA13
     K15FX2S KC2015 04 22.89969 15 26 15.39 +18 44 34.8          19.9 Vq~1QfYA13
     K15FX2S KC2015 04 22.93491 15 26 13.80 +18 46 23.8          19.8 Vq~1QfYA13
     K15FX2S KC2015 04 23.35329615 25 55.15 +19 07 54.7          19.6 Vu~1QfYH21
     K15FX2S KC2015 04 23.35659615 25 54.97 +19 08 04.3          20.3 Vu~1QfYH21
     K15FX2S KC2015 04 23.35967915 25 54.86 +19 08 13.7          20.0 Vu~1QfYH21
     K15FX2S KC2015 04 23.36226015 25 54.72 +19 08 21.3          19.6 Vu~1QfYH21
     K15FX2S KC2015 04 24.39121015 25 08.03 +20 01 19.4          19.4 Vu~1RK2H21
     K15FX2S KC2015 04 24.39380515 25 07.88 +20 01 27.1          19.8 Vu~1RK2H21
     K15FX2S KC2015 04 24.39639915 25 07.79 +20 01 35.6          19.5 Vu~1RK2H21
     K15FX2S  C2015 04 24.94972 15 24 42.16 +20 30 07.8                q~1RK2246
     K15FX2S  C2015 04 24.95007 15 24 42.21 +20 30 08.2                q~1RK2246
     K15FX2S  C2015 04 24.95076 15 24 42.18 +20 30 10.6                q~1RK2246
     K15FX2S  C2015 04 24.95103 15 24 42.14 +20 30 10.8                q~1RK2246
     K15FX2S  C2015 04 24.95137 15 24 42.08 +20 30 12.3                q~1RK2246
     K15FX2S  C2015 04 24.95252 15 24 42.02 +20 30 15.4                q~1RK3246
     K15FX2S  C2015 04 24.95289 15 24 42.07 +20 30 17.2                q~1RK3246
     K15FX2S  C2015 04 24.95322 15 24 41.98 +20 30 18.0                q~1RK3246
     K15FX2S  C2015 04 24.95355 15 24 41.97 +20 30 18.7                q~1RK3246
     K15FX2S KC2015 04 25.19101 15 24 30.93 +20 42 36.8          19.5 Ro~1RK3291
     K15FX2S KC2015 04 25.19240 15 24 30.87 +20 42 41.1          19.7 Ro~1RK3291
     K15FX2S KC2015 04 25.19378 15 24 30.79 +20 42 45.4          19.7 Ro~1RK3291
     K15FX2S  C2015 04 26.77516 15 23 09.59 +22 04 35.0          19.6 Rq~1RK3D29
     K15FX2S  C2015 04 26.78927 15 23 08.77 +22 05 17.8          19.8 Rq~1RK3D29
     K15FX2S  C2015 04 26.80338 15 23 07.98 +22 06 02.6          20.1 Rq~1RK3D29
     K15FX2S  C2015 04 28.34814 15 21 43.56 +23 26 00.0          19.8 Vo~1RK3691
     K15FX2S  C2015 04 28.35134 15 21 43.41 +23 26 09.7          19.6 Vo~1RK3691
     K15FX2S  C2015 04 28.35451 15 21 43.17 +23 26 19.8          19.8 Vo~1RK3691
     K15FX2S KC2015 04 29.27924115 20 49.53 +24 14 04.3          19.5 Vu~1RK3H21
     K15FX2S KC2015 04 29.28331515 20 49.25 +24 14 17.0          19.8 Vu~1RK3H21
     K15FX2S KC2015 04 29.28738615 20 48.99 +24 14 29.6          19.6 Vu~1RK3H21
     K15FX2S KC2015 05 01.29279715 18 45.13 +25 57 38.0          18.6 Vu~1RfIH21
     K15FX2S KC2015 05 01.29701715 18 44.81 +25 57 50.3          19.8 Vu~1RfIH21
     K15FX2S KC2015 05 01.30178215 18 44.54 +25 58 05.0          19.9 Vu~1RfIH21
     K15FX2S KC2015 05 02.30271915 17 39.28 +26 49 13.4          18.2 Rq~1RfI448
     K15FX2S KC2015 05 02.31802915 17 38.18 +26 49 59.7          19.5 Rq~1RfI448
     K15FX2S KC2015 05 02.33360915 17 37.02 +26 50 48.3          20.3 Rq~1RfI448
     K15FX2S KC2015 05 06.24105215 12 59.12 +30 06 34.9          19.9 Vu~1S7cH21
     K15FX2S KC2015 05 06.24530415 12 58.80 +30 06 47.3          19.8 Vu~1S7cH21
     K15FX2S KC2015 05 06.24953115 12 58.46 +30 07 00.0          19.8 Vu~1S7cH21
     K15FX2S KC2015 05 06.25378215 12 58.11 +30 07 12.4          19.4 Vu~1S7cH21
     K15FX2S KC2015 05 06.25652515 12 57.90 +30 07 20.4          20.0 Vu~1S7cH21
     K15FX2S KC2015 05 07.26184 15 11 40.88 +30 56 29.3          19.6 Vq~1RfIH21
     K15FX2S KC2015 05 07.26597 15 11 40.56 +30 56 41.3          19.8 Vq~1RfIH21
     K15FX2S KC2015 05 07.27010 15 11 40.21 +30 56 53.2          19.4 Vq~1RfIH21
     K15FX2S  C2015 05 08.50069 15 10 02.836+31 56 19.55         19.6 rL~1RfIF51
     K15FX2S  C2015 05 08.51313 15 10 01.753+31 56 54.82         19.8 rL~1RfIF51
     K15FX2S  C2015 05 08.52584 15 10 00.677+31 57 31.22         19.4 rL~1RfIF51
     K15FX2S  C2015 05 08.53800 15 09 59.634+31 58 05.62         19.2 rL~1RfIF51
     K15FX2S "C2015 05 09.31792115 08 57.08 +32 35 06.5          19.8 RtER003705
     K15FX2S "C2015 05 09.31921615 08 56.97 +32 35 07.9          19.6 RtER003705
     K15FX2S "C2015 05 09.32051315 08 56.85 +32 35 11.9          19.5 RtER003705
     K15FX2S  C2015 05 13.45756 15 03 04.379+35 44 12.12         20.0 wL~1S7cF52
     K15FX2S  C2015 05 13.47170 15 03 03.044+35 44 49.21         19.6 wL~1S7cF52
     K15FX2S  C2015 05 13.49963 15 03 00.405+35 46 02.37         19.7 wL~1S7cF52
     K15FX2S  C2015 05 20.40505 14 52 24.12 +40 27 04.7          20.0 Ro~1SMZ926
     K15FX2S  C2015 05 20.41477 14 52 23.17 +40 27 26.5          20.0 Ro~1SMZ926
     K15FX2S  C2015 05 20.42448 14 52 22.24 +40 27 47.3          19.8 Ro~1SMZ926
     K15FX2S  C2015 05 27.25888 14 41 36.91 +44 18 55.0          20.0 Vq~1SiC703
     K15FX2S  C2015 05 27.27942 14 41 34.76 +44 19 32.6          19.9 Vq~1SiC703
     K15FX2S KC2015 05 28.19807414 40 09.61 +44 46 59.3          19.6 Vu~1SiCH21
     K15FX2S KC2015 05 28.20050014 40 09.42 +44 47 03.7          19.6 Vu~1SiCH21
     K15FX2S KC2015 05 28.20321614 40 09.14 +44 47 08.4          19.6 Vu~1SiCH21
     K15FX2S KC2015 05 28.20583614 40 08.87 +44 47 13.1          20.0 Vu~1SiCH21
     K15FX2S KC2015 05 28.20796914 40 08.66 +44 47 16.8          20.0 Vu~1SiCH21
     K15FX2S KC2015 06 02.91244 14 31 38.44 +47 19 41.2          19.6 Ru~1T2IB88
     K15FX2S KC2015 06 02.93940 14 31 36.06 +47 20 19.7          19.2 Ru~1T2IB88
     K15FX2S KC2015 06 02.98156 14 31 32.15 +47 21 19.3          19.9 Ru~1T2IB88
     K15FX2S  C2015 06 03.33038 14 31 03.014+47 29 45.64         19.4 iL~1T2IF52
     K15FX2S  C2015 06 03.34488 14 31 01.651+47 30 06.29         19.3 iL~1T2IF52
     K15FX2S  C2015 06 03.35928 14 31 00.346+47 30 26.66         19.5 iL~1T2IF52
     K15FX2S  C2015 06 03.37369 14 30 59.006+47 30 47.16         19.4 iL~1T2IF52
     K15FX2S  C2015 06 20.18047 14 12 15.55 +52 24 17.6          19.9 Ro~1Tku926
     K15FX2S  C2015 06 20.19446 14 12 14.71 +52 24 28.7          19.8 Ro~1Tku926
     K15FX2S  C2015 06 20.21421 14 12 13.64 +52 24 42.7          20.4 Ro~1Tku926
     K15FX2S  C2015 06 21.33043 14 11 24.50 +52 38 08.5          20.2 Vq~1TkuI52
     K15FX2S  C2015 06 21.33314 14 11 24.41 +52 38 10.5          19.9 Vq~1TkuI52
     K15FX2S  C2015 06 21.33585 14 11 24.32 +52 38 12.7          20.0 Vq~1TkuI52
     K15FX2S  C2015 06 21.33855 14 11 24.21 +52 38 14.4          19.6 Vq~1TkuI52
     K15FX2S !C2015 08 04.87601 14 20 28.34 +58 25 22.1          19.1 Vq~1VHdG40
     K15FX2S !C2015 08 04.88957 14 20 28.94 +58 25 27.6          19.5 Vq~1VHdG40
     K15FX2S !C2015 08 04.90425 14 20 29.49 +58 25 34.2          19.4 Vq~1VHdG40
     K15FX2S !C2015 08 04.91756 14 20 30.10 +58 25 39.1          19.3 Vq~1VHdG40
     K15FX2S KC2015 08 22.15544 14 35 41.23 +61 08 37.5          18.1 Ro~1WWA291
     K15FX2S KC2015 08 22.17947 14 35 42.34 +61 08 52.3          18.7 Ro~1WWA291
     K15FX2S !C2015 08 22.85903 14 36 18.53 +61 16 54.2          19.0 Vq~1WWAG40
     K15FX2S !C2015 08 22.87965 14 36 19.38 +61 17 08.0          19.2 Vq~1WWAG40
     K15FX2S !C2015 08 22.94138 14 36 22.21 +61 17 46.4          18.3 Vq~1WWAG40
     K15FX2S  C2015 09 03.09855014 45 22.45 +63 57 18.1          19.2 R      V37
     K15FX2S  C2015 09 03.10082414 45 22.53 +63 57 20.4          19.1 R      V37
     K15FX2S  C2015 09 03.10312214 45 22.60 +63 57 22.5          19.1 R      V37
     K15FX2S  C2015 09 03.10540914 45 22.68 +63 57 24.7          19.0 R      V37
     K15FX2S  C2015 09 03.10768914 45 22.76 +63 57 26.8          19.1 R      V37

